01101011
00000111
11101001
01100001
00110110
11011110
10100100
10000011
11110011
00000100
10110101
11111011
00111111
01111011
10101000
10010111
11111000
11000101
01111101
01110111
10000010
00101100
11100100
00001011
11100100
00001101
00100101
11011100
00110010
00001111
10001000
10011011
10000110
10100010
00101000
10101110
00010100
01111000
10100111
00101011
01001000
11101011
01010011
01110011
10100110
00111000
10100111
00010000
00010001
01010101
01100101
00000011
10000011
00101001
11101010
11110010
01011000
00100010
00110100
11110001
00111011
10101001
00110011
11110111